1 2 0.040162 0.007602 0.005006
1 3 0.031230 0.006401 0.002876
1 4 0.034945 0.000612 -0.002195
1 5 0.009237 0.001916 -0.000766
1 6 -0.175154 -0.000137 -0.002200
1 7 0.024977 0.001787 -0.000444
1 8 0.015695 0.003083 0.000474
1 9 0.058559 -0.001471 -0.003387
1 10 0.084672 0.001229 0.000213
1 11 0.098524 0.003157 0.000470
1 12 0.012411 0.004035 0.001818
1 13 -0.060709 0.009951 0.007189
1 14 -0.179801 0.018720 0.015772
1 15 -0.097623 0.009245 0.005681
1 16 0.030266 0.002871 -0.000108
1 17 -0.098510 -0.001591 -0.004598
1 18 -0.115462 -0.005476 -0.006402
1 19 0.017478 -0.000474 -0.005127
1 20 0.005939 0.002621 -0.000734
1 21 -0.076126 0.004003 0.002522
1 22 0.032334 0.000018 -0.001584
1 23 0.010247 0.000500 -0.002437
1 24 0.001072 -0.002365 -0.006267
1 25 0.041319 0.004855 0.002837
1 26 -0.168151 0.001944 -0.000226
1 27 0.007632 0.003117 -0.000012
1 28 -0.002909 -0.000393 -0.002354
1 29 -0.157835 0.009780 0.006844
1 30 -0.032430 -0.000001 -0.003686
1 31 0.014476 0.000796 -0.002391
1 32 -0.044114 0.004148 0.001949
1 33 -0.164380 0.002440 0.001737
1 34 0.014131 0.002855 0.001210
1 35 0.033452 0.000860 -0.000002
1 36 0.030616 0.000819 -0.002188
1 37 0.017505 0.000114 -0.001297
1 38 0.028075 0.002339 0.001186
1 39 0.005271 0.000300 -0.003259
1 40 0.018434 0.001530 -0.003708
1 41 -0.136646 0.015324 0.012794
1 42 -0.001773 0.000459 -0.004696
1 43 0.037372 0.003437 -0.000199
1 44 0.018871 -0.000578 -0.004857
1 45 -0.139740 -0.000056 -0.001229
1 46 -0.007319 -0.002025 -0.005888
1 47 0.026036 0.003311 0.002693
1 48 -0.069585 0.001977 -0.000447
1 49 -0.111314 0.006705 0.004774
1 50 0.041166 0.001759 -0.001293
1 51 -0.002286 -0.000375 -0.001973
1 52 0.017631 -0.000013 -0.002610
2 3 0.055684 0.026063 0.021629
2 4 0.028719 0.005352 0.001822
2 5 0.042037 0.010532 0.007159
2 6 -0.095316 -0.000633 -0.003229
2 7 0.012232 0.001803 -0.001002
2 8 -0.010198 -0.004046 -0.007328
2 9 -0.089479 0.001795 -0.000614
2 10 -0.137486 -0.001697 -0.002975
2 11 -0.081842 -0.001115 -0.004495
2 12 -0.012575 -0.002501 -0.005290
2 13 0.043014 0.006785 0.003311
2 14 0.052857 0.000581 -0.003127
2 15 0.055189 -0.001452 -0.005935
2 16 -0.011250 0.002360 -0.001387
2 17 0.047482 0.001823 -0.001960
2 18 0.042024 -0.000659 -0.001823
2 19 0.005079 0.008159 0.002305
2 20 0.014519 0.010221 0.006001
2 21 0.002117 0.000221 -0.001642
2 22 0.037282 0.006050 0.004035
2 23 0.007084 0.006562 0.002868
2 24 0.021049 -0.002797 -0.007705
2 25 0.017937 -0.001917 -0.004455
2 26 -0.105096 0.000039 -0.002690
2 27 0.033389 0.001033 -0.002902
2 28 0.008095 0.004239 0.001773
2 29 0.076189 -0.000566 -0.004259
2 30 0.054919 0.002998 -0.001637
2 31 0.013212 0.012743 0.008734
2 32 0.021620 0.003841 0.001074
2 33 0.049505 0.003900 0.003016
2 34 0.016623 0.004288 0.002219
2 35 0.029700 0.002088 0.001004
2 36 0.072067 0.005351 0.001569
2 37 0.020367 0.003144 0.001368
2 38 -0.001644 -0.001123 -0.002573
2 39 0.024808 0.004585 0.000109
2 40 -0.004575 -0.001179 -0.007767
2 41 0.070715 0.001252 -0.001930
2 42 0.061292 0.008065 0.001582
2 43 -0.020086 0.010775 0.006202
2 44 0.061611 0.010264 0.004881
2 45 -0.079507 0.000417 -0.001059
2 46 0.015868 -0.000548 -0.005408
2 47 0.012275 -0.016491 -0.017269
2 48 0.023809 0.000045 -0.003003
2 49 0.031344 0.001293 -0.001136
2 50 0.007730 0.021913 0.018074
2 51 0.009462 0.003336 0.001327
2 52 -0.003443 0.000818 -0.002449
3 4 0.052010 0.009511 0.004715
3 5 0.058250 0.018924 0.014342
3 6 -0.165177 0.000016 -0.003510
3 7 0.023120 0.007432 0.003621
3 8 -0.021576 0.003802 -0.000655
3 9 -0.202948 0.003182 -0.000091
3 10 -0.321155 -0.000682 -0.002418
3 11 -0.230952 -0.000213 -0.004804
3 12 -0.054420 0.002577 -0.001211
3 13 0.072807 0.013091 0.008372
3 14 0.066915 0.002375 -0.002661
3 15 0.076017 0.014191 0.008102
3 16 -0.035047 0.004547 -0.000542
3 17 0.066804 -0.000571 -0.005709
3 18 0.059178 -0.001176 -0.002758
3 19 -0.006075 0.000458 -0.007493
3 20 0.018199 0.010531 0.004799
3 21 -0.015927 0.002806 0.000275
3 22 0.056005 0.000374 -0.002363
3 23 0.009761 -0.001666 -0.006683
3 24 0.038396 0.005909 -0.000757
3 25 0.025812 0.002211 -0.001236
3 26 -0.192665 0.000895 -0.002811
3 27 0.044324 0.002679 -0.002666
3 28 0.005348 0.005414 0.002064
3 29 0.098899 0.000307 -0.004709
3 30 0.090508 0.002825 -0.003471
3 31 0.007914 0.012639 0.007195
3 32 0.016408 0.006860 0.003103
3 33 0.063289 0.002418 0.001217
3 34 0.021727 0.000674 -0.002135
3 35 0.030732 0.000728 -0.000744
3 36 0.147630 0.003341 -0.001797
3 37 0.027608 0.006914 0.004502
3 38 -0.029775 -0.005927 -0.007897
3 39 0.049166 0.011990 0.005910
3 40 -0.047741 0.012857 0.003909
3 41 0.118913 -0.000058 -0.004380
3 42 0.127381 0.017149 0.008343
3 43 -0.104757 0.014337 0.008126
3 44 0.132951 -0.000124 -0.007435
3 45 -0.150747 0.002352 0.000347
3 46 0.037944 0.010076 0.003475
3 47 0.017763 -0.011155 -0.012211
3 48 0.016538 -0.003588 -0.007729
3 49 0.043798 0.000333 -0.002965
3 50 -0.000584 -0.003613 -0.008828
3 51 0.011070 0.000418 -0.002311
3 52 -0.028645 0.004108 -0.000329
4 5 0.056166 0.011568 0.007919
4 6 -0.161277 0.001145 -0.001662
4 7 0.034308 0.000121 -0.002914
4 8 0.061829 0.002375 -0.001174
4 9 0.078426 0.004230 0.001624
4 10 0.085567 0.004836 0.003454
4 11 0.037886 -0.001494 -0.005149
4 12 0.053094 -0.004909 -0.007925
4 13 0.057878 0.001239 -0.002519
4 14 0.057873 0.001661 -0.002349
4 15 0.072037 0.009039 0.004190
4 16 0.064553 0.006572 0.002519
4 17 0.040953 -0.001279 -0.005371
4 18 0.046805 -0.001486 -0.002746
4 19 0.057413 0.016194 0.009863
4 20 0.061165 0.008900 0.004335
4 21 0.018422 0.002331 0.000315
4 22 0.027269 0.005882 0.003702
4 23 0.042566 0.005852 0.001856
4 24 0.036106 0.001046 -0.004263
4 25 0.042392 -0.000204 -0.002948
4 26 -0.177088 -0.001232 -0.004184
4 27 0.056380 0.010690 0.006434
4 28 0.057293 -0.000662 -0.003330
4 29 0.082244 -0.000067 -0.004062
4 30 0.058935 0.014806 0.009792
4 31 0.054985 0.001201 -0.003135
4 32 0.049428 0.002508 -0.000484
4 33 0.048577 -0.002103 -0.003059
4 34 0.027535 0.007589 0.005351
4 35 0.019800 -0.001448 -0.002621
4 36 0.047219 0.009660 0.005569
4 37 0.040239 0.009641 0.007720
4 38 0.049426 0.020628 0.019059
4 39 0.071466 -0.002764 -0.007606
4 40 0.065344 0.005888 -0.001238
4 41 0.028933 0.001260 -0.002182
4 42 0.055052 -0.000234 -0.007246
4 43 0.055759 -0.004266 -0.009213
4 44 0.059285 0.007772 0.001950
4 45 -0.120590 -0.002573 -0.004170
4 46 0.046377 0.010693 0.005437
4 47 0.057745 -0.003846 -0.004687
4 48 0.030015 0.006937 0.003639
4 49 0.037816 0.001083 -0.001544
4 50 0.022265 -0.003941 -0.008093
4 51 0.007187 0.001864 -0.000309
4 52 0.017779 0.000952 -0.002582
5 6 -0.285285 0.000896 -0.001787
5 7 0.035012 -0.007780 -0.010679
5 8 0.029048 0.002153 -0.001238
5 9 -0.023402 0.006975 0.004485
5 10 -0.064042 0.002365 0.001045
5 11 -0.022574 0.001344 -0.002149
5 12 0.004981 -0.001723 -0.004604
5 13 0.037327 0.010020 0.006429
5 14 0.000436 0.000599 -0.003233
5 15 0.045078 0.010802 0.006169
5 16 0.026255 0.011590 0.007718
5 17 0.023728 0.001288 -0.002622
5 18 0.005042 -0.002692 -0.003895
5 19 0.028070 0.013162 0.007112
5 20 0.030675 0.010776 0.006415
5 21 -0.050346 0.000627 -0.001299
5 22 0.060500 0.002549 0.000467
5 23 0.023464 0.017203 0.013385
5 24 0.031133 0.003784 -0.001289
5 25 0.019492 -0.006350 -0.008972
5 26 -0.312020 -0.001542 -0.004362
5 27 0.055473 0.024386 0.020319
5 28 0.025592 -0.005171 -0.007720
5 29 0.043639 0.000898 -0.002919
5 30 0.081164 0.000277 -0.004513
5 31 0.032411 0.000956 -0.003187
5 32 0.022411 0.010449 0.007590
5 33 0.003673 0.004390 0.003476
5 34 0.033161 -0.001247 -0.003385
5 35 0.045623 0.001850 0.000730
5 36 0.061098 0.008708 0.004799
5 37 0.039772 0.002951 0.001116
5 38 0.032302 0.000203 -0.001296
5 39 0.062842 -0.005486 -0.010113
5 40 0.018051 0.007511 0.000702
5 41 0.034399 -0.000763 -0.004051
5 42 0.065393 0.010944 0.004244
5 43 -0.028901 -0.009534 -0.014260
5 44 0.063342 -0.000665 -0.006228
5 45 -0.231844 -0.002464 -0.003989
5 46 0.019954 -0.000498 -0.005520
5 47 0.041359 -0.000939 -0.001743
5 48 -0.009812 0.002301 -0.000850
5 49 -0.004492 0.005155 0.002645
5 50 0.027276 -0.000115 -0.004083
5 51 0.011507 -0.006069 -0.008145
5 52 0.002237 0.004136 0.000759
6 7 -0.020372 0.004555 0.002324
6 8 -0.283297 0.003358 0.000749
6 9 -0.125136 0.000845 -0.001071
6 10 -0.071465 0.005151 0.004135
6 11 -0.009654 0.002856 0.000168
6 12 -0.227552 0.001521 -0.000696
6 13 -0.415099 0.006080 0.003317
6 14 -0.688340 0.001182 -0.001767
6 15 -0.486936 -0.000461 -0.004026
6 16 -0.175454 0.000574 -0.002406
6 17 -0.478074 0.004747 0.001739
6 18 -0.578350 0.005709 0.004783
6 19 -0.221176 -0.000086 -0.004741
6 20 -0.263513 0.002508 -0.000848
6 21 -0.486475 -0.002132 -0.003615
6 22 -0.197309 0.002550 0.000948
6 23 -0.270288 0.000344 -0.002594
6 24 -0.158234 0.001756 -0.002147
6 25 -0.155916 0.006120 0.004102
6 26 -0.720660 0.037149 0.034979
6 27 -0.181465 -0.000488 -0.003618
6 28 -0.283121 0.003296 0.001335
6 29 -0.630430 0.004527 0.001590
6 30 -0.260117 0.001362 -0.002324
6 31 -0.198121 0.000006 -0.003182
6 32 -0.395631 -0.000731 -0.002931
6 33 -0.686404 -0.002284 -0.002987
6 34 -0.322338 0.001121 -0.000525
6 35 -0.137946 0.000513 -0.000350
6 36 -0.323654 0.001778 -0.001230
6 37 -0.043027 0.002399 0.000987
6 38 -0.265415 0.003040 0.001887
6 39 -0.250044 0.000375 -0.003185
6 40 -0.119770 0.003154 -0.002086
6 41 -0.665296 0.008524 0.005993
6 42 -0.320323 0.001335 -0.003821
6 43 -0.146041 -0.000828 -0.004465
6 44 -0.337502 0.001828 -0.002453
6 45 -0.641937 0.006775 0.005601
6 46 -0.300347 0.003114 -0.000751
6 47 -0.171650 0.001419 0.000801
6 48 -0.428566 0.002394 -0.000031
6 49 -0.484498 -0.002175 -0.004107
6 50 -0.073647 0.002921 -0.000132
6 51 -0.205588 0.000122 -0.001476
6 52 -0.008796 0.002599 0.000001
7 8 0.043270 0.009674 0.006854
7 9 0.027782 0.001748 -0.000323
7 10 0.031581 -0.000717 -0.001815
7 11 0.026401 -0.000472 -0.003377
7 12 0.044103 -0.000770 -0.003166
7 13 0.054296 0.000930 -0.002057
7 14 0.078781 0.002829 -0.000358
7 15 0.057738 0.009355 0.005502
7 16 0.037167 0.007202 0.003982
7 17 0.059996 -0.000418 -0.003669
7 18 0.079194 0.002312 0.001312
7 19 0.038181 0.002599 -0.002432
7 20 0.039857 0.004032 0.000405
7 21 0.032778 0.001437 -0.000165
7 22 0.045230 0.001546 -0.000186
7 23 0.036375 -0.003226 -0.006401
7 24 0.029931 0.006556 0.002337
7 25 0.037068 0.001980 -0.000201
7 26 -0.021452 0.001551 -0.000794
7 27 0.040604 -0.001046 -0.004428
7 28 0.044995 0.008297 0.006178
7 29 0.100804 0.004118 0.000944
7 30 0.054216 0.010451 0.006467
7 31 0.039684 0.002122 -0.001323
7 32 0.050500 0.003668 0.001290
7 33 0.079851 -0.000156 -0.000916
7 34 0.045415 0.003695 0.001917
7 35 0.036680 -0.002647 -0.003579
7 36 0.032142 -0.001262 -0.004513
7 37 0.026416 0.013324 0.011798
7 38 0.045848 -0.003184 -0.004430
7 39 0.048078 0.007617 0.003770
7 40 0.056687 0.006394 0.000732
7 41 0.060404 0.001174 -0.001561
7 42 0.044376 0.004774 -0.000798
7 43 0.036802 0.008981 0.005050
7 44 0.034777 0.001616 -0.003010
7 45 -0.009959 0.001658 0.000389
7 46 0.039438 0.004034 -0.000144
7 47 0.034438 -0.001786 -0.002454
7 48 0.042643 -0.000514 -0.003134
7 49 0.052489 0.005736 0.003649
7 50 0.018207 0.008167 0.004867
7 51 0.022371 0.002396 0.000670
7 52 0.006382 -0.001355 -0.004163
8 9 0.054608 0.007915 0.005492
8 10 0.096204 0.010974 0.009689
8 11 0.075232 -0.013556 -0.016953
8 12 -0.019088 -0.000026 -0.002830
8 13 0.010508 0.011220 0.007727
8 14 0.017668 -0.000017 -0.003745
8 15 0.004513 -0.000836 -0.005343
8 16 0.040245 0.010793 0.007026
8 17 0.042464 0.004930 0.001127
8 18 0.014190 0.002650 0.001480
8 19 0.036126 0.012887 0.007003
8 20 0.016300 0.012842 0.008600
8 21 -0.048180 0.001237 -0.000637
8 22 0.107078 0.004279 0.002253
8 23 0.018847 0.006150 0.002436
8 24 0.029575 0.001962 -0.002972
8 25 0.027464 0.015491 0.012940
8 26 -0.309766 0.005164 0.002421
8 27 0.039725 -0.003424 -0.007380
8 28 0.038158 0.006568 0.004089
8 29 0.054233 0.003984 0.000271
8 30 0.094845 0.004174 -0.000486
8 31 0.039092 0.001002 -0.003028
8 32 -0.002181 0.006874 0.004093
8 33 0.015397 0.001694 0.000805
8 34 0.057178 0.004366 0.002287
8 35 0.066144 -0.001831 -0.002921
8 36 -0.054609 -0.001952 -0.005754
8 37 0.055697 -0.005636 -0.007421
8 38 0.074410 0.014796 0.013338
8 39 0.028652 -0.000324 -0.004824
8 40 0.069095 0.006345 -0.000278
8 41 0.044141 0.001651 -0.001548
8 42 -0.021972 -0.006893 -0.013410
8 43 0.054144 0.002801 -0.001796
8 44 -0.033911 0.003567 -0.001845
8 45 -0.229445 -0.001700 -0.003184
8 46 -0.006718 0.002211 -0.002675
8 47 0.023299 0.002929 0.002148
8 48 -0.015927 -0.001039 -0.004104
8 49 0.005391 -0.000671 -0.003113
8 50 0.012375 0.002840 -0.001020
8 51 0.022056 0.010765 0.008746
8 52 0.015826 -0.001065 -0.004350
9 10 0.271684 0.017307 0.016364
9 11 0.207617 -0.007496 -0.009991
9 12 0.061193 0.018232 0.016174
9 13 -0.019839 0.002928 0.000363
9 14 0.220205 -0.002590 -0.005327
9 15 0.052633 0.004780 0.001470
9 16 0.021318 0.004595 0.001829
9 17 0.188698 0.000043 -0.002749
9 18 0.168704 0.003686 0.002826
9 19 0.026516 0.006719 0.002398
9 20 0.002387 0.015811 0.012695
9 21 0.018250 0.002075 0.000699
9 22 0.205049 0.006489 0.005001
9 23 0.042742 0.004201 0.001474
9 24 0.033503 -0.000827 -0.004450
9 25 -0.065288 0.002364 0.000491
9 26 -0.152298 -0.001331 -0.003345
9 27 0.030069 0.004814 0.001910
9 28 0.013489 0.000936 -0.000885
9 29 0.239447 -0.003333 -0.006060
9 30 0.185945 0.008691 0.005269
9 31 -0.018669 0.004698 0.001739
9 32 0.047951 0.012397 0.010354
9 33 0.207581 -0.001664 -0.002316
9 34 0.103184 0.003372 0.001845
9 35 0.116429 -0.000290 -0.001091
9 36 -0.394066 -0.000265 -0.003057
9 37 0.050422 0.003560 0.002249
9 38 0.151613 0.004572 0.003501
9 39 -0.016575 -0.003162 -0.006466
9 40 0.127606 -0.012294 -0.017158
9 41 0.242833 -0.000737 -0.003087
9 42 -0.242843 -0.001931 -0.006717
9 43 0.080712 -0.002792 -0.006169
9 44 -0.330059 -0.002603 -0.006577
9 45 -0.093597 0.001007 -0.000083
9 46 -0.039380 -0.002184 -0.005772
9 47 -0.041080 -0.003185 -0.003759
9 48 0.064621 0.002363 0.000112
9 49 0.134233 0.000738 -0.001055
9 50 -0.016148 0.005325 0.002491
9 51 0.056689 0.000273 -0.001210
9 52 0.037747 0.001748 -0.000663
10 11 0.291442 0.029784 0.028461
10 12 0.098030 0.000996 -0.000096
10 13 -0.020214 -0.000417 -0.001777
10 14 0.351663 0.003001 0.001549
10 15 0.068156 -0.008551 -0.010306
10 16 0.017480 0.003260 0.001793
10 17 0.296088 0.000729 -0.000752
10 18 0.269056 -0.002063 -0.002519
10 19 0.020417 0.007507 0.005215
10 20 -0.043209 0.001516 -0.000136
10 21 0.054767 -0.001981 -0.002711
10 22 0.305783 -0.001028 -0.001817
10 23 0.062224 -0.000482 -0.001928
10 24 0.032175 -0.005015 -0.006937
10 25 -0.126670 0.000497 -0.000496
10 26 -0.112902 -0.000734 -0.001803
10 27 0.006909 0.000433 -0.001107
10 28 0.020163 0.003726 0.002761
10 29 0.360950 0.000190 -0.001256
10 30 0.259894 0.000745 -0.001070
10 31 -0.036952 0.000275 -0.001294
10 32 0.068228 0.002168 0.001085
10 33 0.325887 0.003212 0.002866
10 34 0.144702 0.006969 0.006159
10 35 0.162912 0.002259 0.001835
10 36 -0.664737 -0.000094 -0.001575
10 37 0.049638 0.000025 -0.000670
10 38 0.213861 -0.001154 -0.001722
10 39 -0.055559 -0.006359 -0.008112
10 40 0.166405 -0.011801 -0.014381
10 41 0.390336 0.001454 0.000208
10 42 -0.390249 -0.000033 -0.002571
10 43 0.109911 0.006644 0.004853
10 44 -0.534784 -0.001036 -0.003143
10 45 -0.045956 -0.001585 -0.002163
10 46 -0.069606 -0.004924 -0.006826
10 47 -0.099451 0.000460 0.000155
10 48 0.104953 0.000499 -0.000695
10 49 0.220586 -0.001714 -0.002665
10 50 -0.049908 -0.002495 -0.003998
10 51 0.078068 0.001370 0.000583
10 52 0.050343 -0.000182 -0.001461
11 12 0.087674 -0.003211 -0.006099
11 13 0.074658 0.005244 0.001647
11 14 0.377014 0.001911 -0.001928
11 15 0.106506 0.000805 -0.003837
11 16 0.024640 0.005782 0.001902
11 17 0.266191 -0.002289 -0.006206
11 18 0.294270 0.001165 -0.000040
11 19 0.032298 0.012177 0.006117
11 20 -0.000083 -0.005080 -0.009449
11 21 0.065250 -0.001660 -0.003590
11 22 0.143123 -0.002808 -0.004895
11 23 0.074138 0.012478 0.008653
11 24 0.007717 -0.003775 -0.008857
11 25 -0.097680 -0.009342 -0.011970
11 26 -0.043921 -0.000058 -0.002883
11 27 0.026855 0.005743 0.001668
11 28 0.064448 0.004248 0.001695
11 29 0.378399 0.000587 -0.003237
11 30 0.160209 -0.000990 -0.005790
11 31 -0.019444 0.005030 0.000880
11 32 0.083334 -0.000960 -0.003825
11 33 0.366863 -0.005296 -0.006212
11 34 0.103710 0.000600 -0.001541
11 35 0.068239 0.007652 0.006530
11 36 -0.471792 0.002954 -0.000962
11 37 0.026667 -0.005632 -0.007470
11 38 0.133362 0.018487 0.016985
11 39 -0.052234 0.013404 0.008769
11 40 0.138646 0.008173 0.001352
11 41 0.308432 -0.002996 -0.006291
11 42 -0.286530 0.023691 0.016978
11 43 0.082050 -0.019420 -0.024155
11 44 -0.474836 0.044714 0.039140
11 45 0.000939 0.001323 -0.000205
11 46 -0.005248 0.002265 -0.002767
11 47 -0.057810 -0.000030 -0.000835
11 48 0.105658 -0.002854 -0.006010
11 49 0.282329 0.001793 -0.000722
11 50 -0.038015 0.038344 0.034369
11 51 0.071437 0.001997 -0.000083
11 52 0.027271 0.004516 0.001133
12 13 -0.001637 0.009691 0.006723
12 14 0.029489 0.006151 0.002983
12 15 -0.081666 0.002201 -0.001628
12 16 -0.021337 -0.009319 -0.012520
12 17 0.073678 -0.009921 -0.013153
12 18 0.027223 0.002067 0.001073
12 19 0.031406 0.023672 0.018672
12 20 0.009910 0.014383 0.010778
12 21 -0.034612 -0.001180 -0.002772
12 22 0.134040 -0.001014 -0.002736
12 23 0.013277 0.012687 0.009531
12 24 0.025097 0.007807 0.003614
12 25 0.032736 0.011276 0.009108
12 26 -0.248407 0.000616 -0.001715
12 27 0.035760 -0.003121 -0.006483
12 28 0.029052 0.000868 -0.001239
12 29 0.061440 -0.000364 -0.003519
12 30 0.111705 0.010702 0.006742
12 31 0.039081 0.005897 0.002472
12 32 0.017936 0.004042 0.001678
12 33 0.031870 -0.004652 -0.005407
12 34 0.072860 0.000052 -0.001715
12 35 0.095036 0.001611 0.000685
12 36 -0.101218 0.013084 0.009853
12 37 0.047019 0.000939 -0.000578
12 38 0.090426 0.000051 -0.001188
12 39 0.012673 -0.009131 -0.012955
12 40 0.078943 0.000658 -0.004970
12 41 0.077316 0.003329 0.000610
12 42 -0.060236 -0.003973 -0.009511
12 43 0.059294 0.003654 -0.000253
12 44 -0.088253 -0.003811 -0.008409
12 45 -0.187526 0.002048 0.000786
12 46 -0.025438 0.003393 -0.000759
12 47 0.015868 0.001790 0.001126
12 48 0.002793 0.009590 0.006986
12 49 0.017793 -0.001845 -0.003920
12 50 0.008164 0.009685 0.006406
12 51 0.038327 0.001864 0.000148
12 52 0.027432 0.011774 0.008983
13 14 -0.271333 0.014586 0.010639
13 15 -0.096993 0.009532 0.004760
13 16 0.022012 -0.005978 -0.009966
13 17 -0.086377 0.025179 0.021152
13 18 -0.182524 -0.001089 -0.002328
13 19 0.022187 0.006350 0.000119
13 20 0.020227 0.017647 0.013155
13 21 -0.142456 0.001254 -0.000730
13 22 0.094836 0.001512 -0.000633
13 23 0.002341 0.008643 0.004711
13 24 0.038759 -0.002321 -0.007546
13 25 0.074320 -0.002012 -0.004713
13 26 -0.423718 -0.000330 -0.003235
13 27 0.057596 0.008213 0.004024
13 28 -0.010277 0.003582 0.000956
13 29 -0.218820 0.004985 0.001054
13 30 0.010520 -0.005673 -0.010608
13 31 0.054817 0.008489 0.004222
13 32 -0.105815 0.004343 0.001398
13 33 -0.250756 -0.010335 -0.011276
13 34 0.021073 0.003699 0.001497
13 35 0.074719 -0.004909 -0.006063
13 36 0.124179 0.005717 0.001691
13 37 0.060070 -0.003651 -0.005541
13 38 0.035833 0.001239 -0.000305
13 39 0.042945 0.002260 -0.002505
13 40 0.039727 0.003139 -0.003874
13 41 -0.158694 0.007156 0.003768
13 42 0.066785 -0.016425 -0.023327
13 43 0.036252 -0.000544 -0.005412
13 44 0.098703 -0.002219 -0.007949
13 45 -0.348937 0.000648 -0.000924
13 46 -0.019343 0.008127 0.002953
13 47 0.069455 0.011262 0.010434
13 48 -0.135682 -0.002651 -0.005897
13 49 -0.178096 0.002324 -0.000262
13 50 0.055118 -0.000875 -0.004962
13 51 0.002170 -0.000446 -0.002584
13 52 0.016032 -0.000900 -0.004378
14 15 -0.376285 0.001728 -0.003364
14 16 0.125468 0.000215 -0.004041
14 17 -0.415104 0.020765 0.016468
14 18 -0.615333 -0.025227 -0.026550
14 19 0.046050 0.003343 -0.003306
14 20 -0.022862 -0.001262 -0.006056
14 21 -0.317517 0.014426 0.012309
14 22 0.115921 0.001201 -0.001088
14 23 -0.026867 0.000162 -0.004034
14 24 0.006751 0.002139 -0.003436
14 25 0.178465 0.003193 0.000310
14 26 -0.674474 0.005290 0.002190
14 27 0.044164 0.000746 -0.003724
14 28 -0.060307 0.007558 0.004756
14 29 -0.726552 0.016672 0.012476
14 30 -0.153728 0.000689 -0.004576
14 31 0.075723 0.000787 -0.003766
14 32 -0.200544 -0.009555 -0.012698
14 33 -0.705160 -0.024279 -0.025283
14 34 0.031833 0.000667 -0.001682
14 35 0.136614 0.001001 -0.000231
14 36 0.085137 0.003254 -0.001043
14 37 0.089826 0.001276 -0.000741
14 38 0.029427 -0.001250 -0.002898
14 39 -0.023513 -0.000725 -0.005810
14 40 0.109668 0.001597 -0.005887
14 41 -0.572240 0.055546 0.051931
14 42 -0.015031 0.002642 -0.004722
14 43 0.154022 0.000944 -0.004251
14 44 0.054717 0.004481 -0.001634
14 45 -0.581032 0.002716 0.001039
14 46 -0.079022 0.001459 -0.004062
14 47 0.102175 -0.001060 -0.001943
14 48 -0.348402 -0.006379 -0.009842
14 49 -0.499622 0.049280 0.046521
14 50 0.137646 -0.000119 -0.004480
14 51 -0.012214 0.000894 -0.001389
14 52 0.070840 0.002323 -0.001388
15 16 0.076628 0.009109 0.003963
15 17 -0.155401 -0.015315 -0.020510
15 18 -0.255260 0.003136 0.001537
15 19 0.030691 -0.005727 -0.013765
15 20 -0.002215 0.011116 0.005321
15 21 -0.188675 -0.001075 -0.003635
15 22 0.100982 0.006637 0.003869
15 23 -0.003029 0.004631 -0.000442
15 24 0.031438 0.019746 0.013005
15 25 0.096560 -0.000413 -0.003898
15 26 -0.490901 -0.002815 -0.006563
15 27 0.054296 0.017834 0.012429
15 28 -0.024614 0.003479 0.000092
15 29 -0.320175 0.002255 -0.002817
15 30 -0.002281 0.001665 -0.004701
15 31 0.053315 0.005373 -0.000133
15 32 -0.092743 -0.003029 -0.006829
15 33 -0.332634 0.005076 0.003861
15 34 0.038374 0.001621 -0.001220
15 35 0.101500 -0.002346 -0.003835
15 36 0.078759 0.008515 0.003321
15 37 0.070120 -0.002126 -0.004564
15 38 0.039554 -0.003427 -0.005419
15 39 0.017713 0.012235 0.006087
15 40 0.042770 0.029010 0.019962
15 41 -0.248399 0.011986 0.007615
15 42 0.048532 -0.004104 -0.013007
15 43 0.034135 0.002664 -0.003617
15 44 0.074147 0.025358 0.017965
15 45 -0.403041 -0.000085 -0.002113
15 46 -0.040958 0.025915 0.019240
15 47 0.061879 0.000971 -0.000097
15 48 -0.176737 0.010512 0.006325
15 49 -0.230408 -0.021330 -0.024666
15 50 0.061925 0.003212 -0.002060
15 51 0.004246 0.000861 -0.001898
15 52 0.013344 0.005946 0.001459
16 17 0.120643 0.006899 0.002557
16 18 0.112685 0.003119 0.001783
16 19 0.012125 0.021113 0.014394
16 20 -0.035037 -0.006105 -0.010950
16 21 -0.014995 0.005192 0.003052
16 22 0.137398 0.001290 -0.001023
16 23 0.042392 0.003945 -0.000296
16 24 0.044166 0.003006 -0.002628
16 25 0.001151 0.009492 0.006579
16 26 -0.197809 -0.002097 -0.005229
16 27 0.045720 0.008839 0.004322
16 28 0.036751 0.007958 0.005127
16 29 0.160119 -0.002547 -0.006786
16 30 0.138362 0.003075 -0.002246
16 31 0.026105 0.020989 0.016387
16 32 0.030079 0.001584 -0.001591
16 33 0.121287 0.000779 -0.000236
16 34 0.070589 0.007055 0.004681
16 35 0.083987 0.002597 0.001353
16 36 -0.107698 0.010035 0.005693
16 37 0.053665 0.007558 0.005520
16 38 0.073196 -0.006896 -0.008561
16 39 0.026124 -0.008605 -0.013744
16 40 0.069841 0.006706 -0.000856
16 41 0.154563 0.004202 0.000549
16 42 -0.038362 0.017330 0.009888
16 43 0.018315 0.004296 -0.000953
16 44 -0.067379 0.004902 -0.001277
16 45 -0.136106 -0.000481 -0.002176
16 46 0.010467 -0.000166 -0.005745
16 47 0.008537 -0.000261 -0.001154
16 48 0.040565 0.000494 -0.003005
16 49 0.070966 -0.000400 -0.003188
16 50 -0.006436 -0.001999 -0.006405
16 51 0.027997 0.003756 0.001450
16 52 0.010476 -0.000725 -0.004476
17 18 -0.320160 -0.013732 -0.015081
17 19 0.080764 0.009693 0.002910
17 20 0.022224 -0.001151 -0.006042
17 21 -0.146895 0.004713 0.002553
17 22 0.046992 0.026223 0.023888
17 23 0.021388 0.002286 -0.001995
17 24 -0.002215 0.051094 0.045406
17 25 0.148827 0.014013 0.011072
17 26 -0.475726 0.000563 -0.002600
17 27 0.069748 -0.003870 -0.008431
17 28 -0.005317 0.015713 0.012855
17 29 -0.382824 0.004845 0.000565
17 30 -0.068927 0.016307 0.010935
17 31 0.091955 0.014556 0.009910
17 32 -0.058538 -0.008599 -0.011805
17 33 -0.385096 -0.003258 -0.004282
17 34 0.036115 0.011807 0.009410
17 35 0.087029 -0.016858 -0.018114
17 36 0.120116 -0.000204 -0.004588
17 37 0.070797 0.006312 0.004254
17 38 0.030470 -0.010428 -0.012109
17 39 0.025127 -0.001324 -0.006512
17 40 0.122847 -0.004713 -0.012349
17 41 -0.323538 -0.003998 -0.007686
17 42 0.039187 0.020101 0.012588
17 43 0.124895 0.000009 -0.005291
17 44 0.104694 0.003574 -0.002664
17 45 -0.380534 -0.004650 -0.006361
17 46 0.001815 -0.003126 -0.008759
17 47 0.098122 0.008443 0.007542
17 48 -0.164706 0.003730 0.000197
17 49 -0.285996 0.023992 0.021178
17 50 0.102743 -0.003260 -0.007709
17 51 -0.005919 -0.002333 -0.004662
17 52 0.049854 0.000443 -0.003343
18 19 0.050641 -0.001024 -0.003112
18 20 -0.010202 0.011426 0.009920
18 21 -0.225929 -0.004264 -0.004929
18 22 0.077589 0.003723 0.003004
18 23 -0.028193 0.002011 0.000694
18 24 0.023659 0.003725 0.001975
18 25 0.161666 0.001835 0.000930
18 26 -0.574962 0.004960 0.003987
18 27 0.060532 0.002217 0.000814
18 28 -0.053036 0.004321 0.003441
18 29 -0.532383 0.028353 0.027036
18 30 -0.106835 0.008854 0.007201
18 31 0.068331 -0.002534 -0.003964
18 32 -0.139380 0.010850 0.009863
18 33 -0.528852 -0.000933 -0.001249
18 34 0.019065 -0.000203 -0.000941
18 35 0.104232 -0.001435 -0.001822
18 36 0.097475 0.001398 0.000049
18 37 0.089210 -0.001851 -0.002484
18 38 0.013415 0.004914 0.004397
18 39 -0.006331 0.016391 0.014794
18 40 0.134395 -0.003774 -0.006123
18 41 -0.452639 -0.026845 -0.027980
18 42 -0.000908 -0.000387 -0.002700
18 43 0.137968 -0.003844 -0.005475
18 44 0.080032 0.000021 -0.001898
18 45 -0.468845 0.002711 0.002185
18 46 -0.056862 0.014382 0.012649
18 47 0.117454 0.000008 -0.000270
18 48 -0.258078 0.026237 0.025150
18 49 -0.399728 -0.016082 -0.016948
18 50 0.127684 0.000903 -0.000466
18 51 -0.014964 0.002147 0.001430
18 52 0.065114 0.000612 -0.000553
19 20 0.016187 0.011124 0.003556
19 21 -0.018522 0.002498 -0.000845
19 22 0.117108 0.001677 -0.001936
19 23 0.037411 0.012307 0.005682
19 24 0.043115 0.012354 0.003552
19 25 0.036311 0.010377 0.005827
19 26 -0.242791 -0.001558 -0.006451
19 27 0.050156 0.009781 0.002725
19 28 0.043858 0.009786 0.005363
19 29 0.086876 -0.001166 -0.007789
19 30 0.108325 0.021233 0.012921
19 31 0.035019 0.011215 0.004027
19 32 0.030462 0.008585 0.003624
19 33 0.043309 0.001382 -0.000203
19 34 0.062107 0.002488 -0.001221
19 35 0.077653 0.002579 0.000635
19 36 -0.020389 -0.002709 -0.009492
19 37 0.049123 0.002714 -0.000470
19 38 0.058208 -0.003839 -0.006440
19 39 0.058469 0.000087 -0.007940
19 40 0.067630 0.019406 0.007593
19 41 0.081057 0.004133 -0.001574
19 42 0.013597 0.011607 -0.000018
19 43 0.037378 0.001088 -0.007112
19 44 -0.000231 -0.000648 -0.010301
19 45 -0.181723 -0.000807 -0.003455
19 46 0.015082 0.011094 0.002379
19 47 0.017213 -0.000087 -0.001481
19 48 0.006798 0.000884 -0.004582
19 49 0.025224 0.001843 -0.002513
19 50 0.018210 -0.002898 -0.009782
19 51 0.029129 -0.000226 -0.003829
19 52 0.016938 0.003949 -0.001909
20 21 -0.057901 -0.001126 -0.003535
20 22 0.125187 -0.003328 -0.005933
20 23 0.029501 0.005310 0.000534
20 24 0.043696 -0.004136 -0.010481
20 25 0.035745 0.006622 0.003341
20 26 -0.282101 -0.001755 -0.005283
20 27 0.051403 0.000247 -0.004841
20 28 0.008986 0.020842 0.017653
20 29 0.019822 0.002473 -0.002302
20 30 0.100335 0.006828 0.000835
20 31 0.024069 0.013232 0.008050
20 32 -0.075027 -0.003182 -0.006759
20 33 -0.019481 -0.001646 -0.002789
20 34 0.058348 0.007965 0.005291
20 35 0.083362 0.003810 0.002408
20 36 0.008111 0.007777 0.002887
20 37 0.048257 0.002345 0.000050
20 38 0.057779 0.005159 0.003284
20 39 0.013440 -0.001971 -0.007758
20 40 0.038075 -0.005088 -0.013605
20 41 0.039583 0.004761 0.000647
20 42 0.006214 -0.003172 -0.011554
20 43 0.017122 -0.002441 -0.008353
20 44 0.008852 0.001742 -0.005217
20 45 -0.222207 -0.002301 -0.004209
20 46 -0.002729 0.009838 0.003554
20 47 0.021955 -0.002171 -0.003176
20 48 -0.016748 0.000780 -0.003161
20 49 -0.020873 -0.001354 -0.004494
20 50 0.027729 0.006607 0.001644
20 51 0.024418 0.005559 0.002962
20 52 0.008201 0.004028 -0.000195
21 22 0.055386 0.006712 0.005561
21 23 -0.039448 -0.000168 -0.002277
21 24 0.005957 0.000334 -0.002469
21 25 0.035057 0.002588 0.001139
21 26 -0.488051 -0.002012 -0.003570
21 27 -0.008110 0.001191 -0.001056
21 28 -0.074814 0.001262 -0.000146
21 29 -0.243393 0.003115 0.001007
21 30 -0.032227 -0.001940 -0.004587
21 31 -0.014007 0.001101 -0.001188
21 32 -0.163854 0.014836 0.013256
21 33 -0.297095 0.009436 0.008931
21 34 -0.035206 -0.002873 -0.004054
21 35 0.048849 0.006122 0.005503
21 36 -0.058350 -0.001438 -0.003598
21 37 0.040693 -0.000578 -0.001592
21 38 -0.013497 -0.000897 -0.001726
21 39 -0.054757 -0.000488 -0.003044
21 40 0.009728 -0.001513 -0.005275
21 41 -0.255474 0.001085 -0.000732
21 42 -0.061711 0.001768 -0.001934
21 43 0.017007 -0.001950 -0.004562
21 44 -0.070946 -0.006691 -0.009765
21 45 -0.388219 0.007947 0.007104
21 46 -0.079486 -0.003719 -0.006494
21 47 -0.005868 0.006381 0.005937
21 48 -0.183579 0.008271 0.006530
21 49 -0.202222 0.004926 0.003539
21 50 0.018160 0.004106 0.001914
21 51 -0.038755 0.003627 0.002480
21 52 0.012949 0.004623 0.002758
22 23 0.074701 -0.009853 -0.012134
22 24 0.030023 0.027321 0.024291
22 25 0.088478 0.007059 0.005493
22 26 -0.227407 -0.002345 -0.004029
22 27 0.080656 -0.001610 -0.004039
22 28 0.113504 -0.002838 -0.004361
22 29 0.139202 -0.000268 -0.002548
22 30 0.055193 -0.002873 -0.005734
22 31 0.109196 0.006649 0.004174
22 32 0.094311 0.004833 0.003125
22 33 0.093741 -0.001626 -0.002172
22 34 0.039825 -0.005462 -0.006739
22 35 0.007467 0.002381 0.001712
22 36 0.090919 0.001722 -0.000613
22 37 0.050399 -0.003379 -0.004476
22 38 0.065780 0.005626 0.004731
22 39 0.088610 0.002384 -0.000379
22 40 0.131527 0.006353 0.002286
22 41 0.027880 0.000821 -0.001143
22 42 0.095589 -0.005485 -0.009488
22 43 0.129678 0.002735 -0.000089
22 44 0.094894 0.001458 -0.001865
22 45 -0.131986 -0.000378 -0.001289
22 46 0.093798 0.003536 0.000535
22 47 0.082152 -0.001384 -0.001864
22 48 0.061097 -0.001074 -0.002956
22 49 0.079185 0.003596 0.002097
22 50 0.057151 0.000998 -0.001372
22 51 0.012790 -0.005377 -0.006617
22 52 0.028231 -0.001813 -0.003830
23 24 0.039140 -0.004891 -0.010445
23 25 0.052884 -0.006105 -0.008977
23 26 -0.293338 0.001455 -0.001633
23 27 0.063398 0.014884 0.010431
23 28 0.034437 0.001544 -0.001247
23 29 0.021695 -0.004119 -0.008299
23 30 0.062513 0.004067 -0.001179
23 31 0.037074 0.004365 -0.000172
23 32 0.003848 0.003406 0.000275
23 33 -0.022160 -0.003146 -0.004147
23 34 0.048246 0.006540 0.004199
23 35 0.053648 -0.000856 -0.002083
23 36 0.004513 0.000131 -0.004150
23 37 0.046536 -0.005171 -0.007180
23 38 0.033852 -0.003592 -0.005234
23 39 0.012981 0.031372 0.026306
23 40 0.061791 0.001768 -0.005687
23 41 -0.007290 -0.000954 -0.004556
23 42 0.012952 0.006283 -0.001055
23 43 0.044448 0.032681 0.027505
23 44 -0.003132 -0.003152 -0.009244
23 45 -0.204271 -0.001511 -0.003182
23 46 0.007094 0.011235 0.005735
23 47 0.042092 -0.004602 -0.005482
23 48 -0.018503 0.002318 -0.001132
23 49 -0.020802 0.008666 0.005917
23 50 0.029843 -0.003219 -0.007564
23 51 0.013766 0.003297 0.001023
23 52 0.017928 0.004855 0.001158
24 25 0.032785 0.001506 -0.002309
24 26 -0.168324 -0.000513 -0.004616
24 27 0.049446 0.010619 0.004702
24 28 0.042450 0.005662 0.001953
24 29 0.033890 0.003830 -0.001723
24 30 0.051750 -0.000475 -0.007445
24 31 0.033161 0.000580 -0.005448
24 32 0.030935 0.003483 -0.000678
24 33 0.016215 -0.002769 -0.004099
24 34 0.035291 0.014331 0.011221
24 35 0.038570 -0.004721 -0.006351
24 36 0.050830 0.003548 -0.002139
24 37 0.034563 0.003427 0.000757
24 38 0.021061 -0.000887 -0.003068
24 39 0.049347 0.017831 0.011100
24 40 0.045338 0.008988 -0.000918
24 41 0.020631 -0.000690 -0.005475
24 42 0.057583 -0.001318 -0.011067
24 43 0.016631 -0.003221 -0.010098
24 44 0.049720 0.014432 0.006338
24 45 -0.127596 -0.000702 -0.002922
24 46 0.021452 0.002831 -0.004476
24 47 0.039173 0.013861 0.012692
24 48 0.011708 0.003132 -0.001452
24 49 0.001363 0.007411 0.003759
24 50 0.023108 0.008354 0.002582
24 51 0.020873 0.004902 0.001881
24 52 0.007989 0.013177 0.008264
25 26 -0.179522 0.001047 -0.001075
25 27 0.054624 0.007132 0.004073
25 28 0.031476 -0.001858 -0.003776
25 29 0.231987 0.001384 -0.001487
25 30 0.136100 -0.002808 -0.006411
25 31 0.042537 0.017215 0.014099
25 32 0.060735 0.003550 0.001399
25 33 0.174033 -0.002548 -0.003236
25 34 0.055024 0.013293 0.011685
25 35 0.057439 0.004484 0.003641
25 36 0.039882 -0.011950 -0.014890
25 37 0.038789 0.017817 0.016437
25 38 0.021720 -0.007526 -0.008654
25 39 0.037261 -0.012666 -0.016146
25 40 0.012315 0.004999 -0.000123
25 41 0.167809 0.000931 -0.001543
25 42 0.087407 0.010194 0.005154
25 43 0.000972 -0.014038 -0.017593
25 44 0.043851 0.000911 -0.003273
25 45 -0.116775 -0.000302 -0.001450
25 46 0.058593 -0.005845 -0.009623
25 47 0.003369 0.005610 0.005005
25 48 0.076014 0.009632 0.007262
25 49 0.114412 0.002359 0.000471
25 50 0.001448 0.011406 0.008422
25 51 0.031364 -0.003059 -0.004621
25 52 0.001343 0.004247 0.001708
26 27 -0.196497 -0.000200 -0.003490
26 28 -0.296554 -0.000464 -0.002526
26 29 -0.625103 0.013880 0.010793
26 30 -0.261541 0.000318 -0.003557
26 31 -0.215804 0.002332 -0.001019
26 32 -0.406978 0.003192 0.000879
26 33 -0.678395 0.008258 0.007519
26 34 -0.351636 0.000078 -0.001652
26 35 -0.163360 0.003366 0.002460
26 36 -0.360701 0.001834 -0.001328
26 37 -0.050121 -0.000015 -0.001499
26 38 -0.283427 0.002559 0.001347
26 39 -0.278119 0.002409 -0.001334
26 40 -0.127703 0.001107 -0.004401
26 41 -0.665674 0.006065 0.003404
26 42 -0.350985 0.007124 0.001704
26 43 -0.181067 0.005697 0.001873
26 44 -0.372033 0.005053 0.000553
26 45 -0.639199 0.026989 0.025755
26 46 -0.320997 0.000568 -0.003495
26 47 -0.189241 0.001020 0.000370
26 48 -0.429336 0.001157 -0.001392
26 49 -0.474999 0.000737 -0.001294
26 50 -0.086786 0.000904 -0.002306
26 51 -0.229287 0.000487 -0.001192
26 52 -0.020545 0.001646 -0.001085
27 28 0.059024 0.004515 0.001542
27 29 0.087256 -0.003442 -0.007895
27 30 0.092114 -0.000805 -0.006393
27 31 0.035581 -0.010059 -0.014891
27 32 0.037690 0.003745 0.000410
27 33 0.056173 0.000356 -0.000710
27 34 0.063190 0.015830 0.013337
27 35 0.058711 0.002841 0.001534
27 36 0.048939 0.000173 -0.004387
27 37 0.047165 -0.002528 -0.004669
27 38 0.049641 -0.000633 -0.002381
27 39 0.052527 -0.004387 -0.009784
27 40 0.061942 0.025813 0.017871
27 41 0.062324 -0.003123 -0.006959
27 42 0.067734 0.009403 0.001587
27 43 0.045050 -0.007620 -0.013133
27 44 0.056113 0.003468 -0.003021
27 45 -0.139838 -0.000090 -0.001869
27 46 0.049447 0.007980 0.002121
27 47 0.047902 0.023182 0.022245
27 48 0.018610 -0.006502 -0.010177
27 49 0.032318 0.006728 0.003800
27 50 0.044212 -0.000126 -0.004754
27 51 0.023658 0.004312 0.001890
27 52 0.012212 0.009782 0.005843
28 29 -0.020805 -0.000102 -0.002892
28 30 0.078760 0.008290 0.004788
28 31 -0.017529 -0.008805 -0.011833
28 32 -0.025787 -0.005444 -0.007535
28 33 -0.051168 -0.000062 -0.000730
28 34 0.050809 -0.001187 -0.002750
28 35 0.093783 -0.000803 -0.001622
28 36 -0.011915 0.009630 0.006772
28 37 0.050628 -0.004322 -0.005663
28 38 0.049346 0.003217 0.002121
28 39 0.007616 -0.004788 -0.008170
28 40 0.053929 0.000792 -0.004186
28 41 0.006186 0.002478 0.000073
28 42 -0.006604 0.007717 0.002818
28 43 0.039152 0.008101 0.004645
28 44 -0.000383 -0.003965 -0.008032
28 45 -0.234997 -0.001544 -0.002659
28 46 0.009400 0.006797 0.003125
28 47 0.027294 -0.000650 -0.001237
28 48 -0.031136 -0.001477 -0.003781
28 49 -0.046076 0.000462 -0.001373
28 50 0.026381 0.001939 -0.000961
28 51 0.011340 -0.000629 -0.002147
28 52 0.020061 -0.002944 -0.005412
29 30 -0.125784 -0.001686 -0.006931
29 31 0.117833 -0.000914 -0.005450
29 32 -0.140767 0.001646 -0.001485
29 33 -0.632150 0.048393 0.047393
29 34 0.078695 -0.002586 -0.004926
29 35 0.170370 0.002242 0.001016
29 36 0.150101 0.002202 -0.002077
29 37 0.122902 0.000964 -0.001044
29 38 0.068053 0.004783 0.003142
29 39 0.034958 -0.002794 -0.007859
29 40 0.158431 0.004500 -0.002954
29 41 -0.544943 0.004082 0.000481
29 42 0.042792 0.003956 -0.003380
29 43 0.196456 0.004029 -0.001145
29 44 0.131495 0.004335 -0.001755
29 45 -0.512585 -0.000999 -0.002669
29 46 -0.018662 0.006037 0.000538
29 47 0.156638 -0.000055 -0.000934
29 48 -0.290463 0.010564 0.007115
29 49 -0.459236 0.005184 0.002436
29 50 0.161995 0.002023 -0.002321
29 51 0.009976 0.000438 -0.001835
29 52 0.076813 0.000824 -0.002872
30 31 0.109606 0.016351 0.010659
30 32 0.046980 0.005279 0.001350
30 33 -0.137020 -0.008012 -0.009268
30 34 0.076546 -0.002429 -0.005367
30 35 0.065810 0.006291 0.004752
30 36 0.167113 0.000126 -0.005245
30 37 0.066027 0.007527 0.005006
30 38 0.068828 0.018922 0.016862
30 39 0.083514 -0.008571 -0.014928
30 40 0.157209 0.003001 -0.006355
30 41 -0.143794 0.023903 0.019383
30 42 0.103260 0.016279 0.007072
30 43 0.138267 0.010431 0.003937
30 44 0.157574 0.014888 0.007244
30 45 -0.194977 -0.006574 -0.008671
30 46 0.074010 0.001503 -0.005399
30 47 0.114785 0.003744 0.002640
30 48 -0.036414 0.002258 -0.002072
30 49 -0.089582 0.003038 -0.000411
30 50 0.082976 0.005847 0.000395
30 51 0.035229 0.002773 -0.000080
30 52 0.038700 0.007502 0.002863
31 32 0.037211 0.004053 0.000655
31 33 0.078655 0.001859 0.000773
31 34 0.069971 0.000899 -0.001641
31 35 0.072061 0.005063 0.003732
31 36 0.001027 -0.001518 -0.006163
31 37 0.048809 0.007093 0.004912
31 38 0.044255 -0.004584 -0.006365
31 39 0.037393 0.002654 -0.002844
31 40 0.060230 0.011076 0.002985
31 41 0.107656 0.003312 -0.000596
31 42 0.040429 0.015399 0.007437
31 43 0.026024 -0.002622 -0.008238
31 44 0.009822 -0.001850 -0.008460
31 45 -0.158478 -0.001500 -0.003313
31 46 0.022411 -0.000719 -0.006688
31 47 0.018820 -0.003019 -0.003974
31 48 0.026844 0.002921 -0.000823
31 49 0.041137 0.002371 -0.000612
31 50 0.029752 0.006569 0.001854
31 51 0.032084 0.001532 -0.000935
31 52 0.005918 0.006107 0.002095
32 33 -0.183598 0.013706 0.012957
32 34 0.028624 0.000240 -0.001514
32 35 0.077455 0.005654 0.004735
32 36 0.000751 0.005041 0.001835
32 37 0.057001 0.005180 0.003675
32 38 0.045154 0.004335 0.003105
32 39 0.017707 0.004375 0.000581
32 40 0.053181 -0.001040 -0.006624
32 41 -0.134533 -0.000990 -0.003687
32 42 0.002372 -0.004735 -0.010230
32 43 0.053058 -0.002360 -0.006236
32 44 -0.004964 0.007665 0.003103
32 45 -0.322407 -0.000182 -0.001434
32 46 -0.035169 -0.000781 -0.004901
32 47 0.024343 0.000090 -0.000569
32 48 -0.105981 -0.003998 -0.006582
32 49 -0.130624 0.001575 -0.000483
32 50 0.049119 0.002158 -0.001096
32 51 -0.000753 0.004958 0.003256
32 52 0.021427 0.000640 -0.002129
33 34 0.022186 -0.002436 -0.002997
33 35 0.124420 0.000175 -0.000118
33 36 0.100258 0.000341 -0.000683
33 37 0.088369 0.002131 0.001650
33 38 0.031788 -0.001934 -0.002327
33 39 0.001762 -0.004119 -0.005331
33 40 0.101401 0.009580 0.007795
33 41 -0.538698 -0.016208 -0.017070
33 42 -0.003183 0.008229 0.006473
33 43 0.144482 0.002557 0.001318
33 44 0.076241 0.000640 -0.000818
33 45 -0.569519 -0.003002 -0.003402
33 46 -0.070042 0.002873 0.001557
33 47 0.099551 -0.002090 -0.002301
33 48 -0.313802 0.010102 0.009276
33 49 -0.456491 0.001095 0.000437
33 50 0.137996 0.000564 -0.000476
33 51 -0.016413 0.002632 0.002088
33 52 0.064267 0.001199 0.000314
34 35 0.040246 -0.021199 -0.021886
34 36 0.011783 -0.001549 -0.003946
34 37 0.048640 -0.003959 -0.005085
34 38 0.059045 -0.009955 -0.010874
34 39 0.045952 -0.002488 -0.005325
34 40 0.067022 0.005723 0.001549
34 41 0.003938 0.005547 0.003531
34 42 0.036441 0.003814 -0.000294
34 43 0.072650 0.003996 0.001098
34 44 0.002189 -0.005754 -0.009165
34 45 -0.246326 -0.002430 -0.003365
34 46 0.025110 0.008635 0.005555
34 47 0.047021 0.002133 0.001641
34 48 0.000310 -0.000931 -0.002863
34 49 0.019449 0.001514 -0.000025
34 50 0.043967 0.002784 0.000352
34 51 0.012107 0.005784 0.004511
34 52 0.016589 0.009611 0.007540
35 36 0.041691 0.000352 -0.000904
35 37 0.039075 -0.006577 -0.007167
35 38 0.057162 0.009652 0.009170
35 39 0.072832 0.001309 -0.000177
35 40 0.087509 0.004809 0.002621
35 41 0.076582 0.003388 0.002331
35 42 0.064593 0.009029 0.006876
35 43 0.084175 0.023628 0.022109
35 44 0.043357 0.005081 0.003294
35 45 -0.095133 -0.002807 -0.003298
35 46 0.061976 -0.005337 -0.006951
35 47 0.043515 -0.007249 -0.007507
35 48 0.071635 -0.001695 -0.002708
35 49 0.088557 0.001869 0.001062
35 50 0.043513 0.008980 0.007705
35 51 0.018349 -0.000020 -0.000687
35 52 0.014255 0.003767 0.002682
36 37 0.030649 0.001915 -0.000143
36 38 -0.049289 0.011078 0.009397
36 39 0.062642 -0.008725 -0.013912
36 40 -0.142364 -0.003254 -0.010888
36 41 0.219937 0.002553 -0.001135
36 42 0.177538 0.037172 0.029660
36 43 -0.175664 -0.000230 -0.005529
36 44 0.156503 0.037817 0.031580
36 45 -0.275294 -0.000399 -0.002110
36 46 0.036616 0.021785 0.016154
36 47 0.038652 0.008230 0.007330
36 48 0.019008 -0.000272 -0.003804
36 49 0.053137 -0.001733 -0.004547
36 50 -0.018328 -0.002494 -0.006942
36 51 -0.003434 0.001523 -0.000805
36 52 -0.050912 0.002382 -0.001403
37 38 0.048377 -0.004259 -0.005048
37 39 0.052411 0.003370 0.000935
37 40 0.055358 0.006778 0.003194
37 41 0.053469 0.005339 0.003608
37 42 0.049969 -0.003380 -0.006907
37 43 0.044280 0.001960 -0.000528
37 44 0.032938 0.000914 -0.002014
37 45 -0.029312 -0.002194 -0.002997
37 46 0.044204 -0.000092 -0.002736
37 47 0.039407 0.009236 0.008813
37 48 0.055105 -0.001559 -0.003217
37 49 0.056131 0.003350 0.002029
37 50 0.022432 0.004447 0.002359
37 51 0.022611 -0.000605 -0.001698
37 52 0.013857 0.002938 0.001160
38 39 0.087423 -0.001737 -0.003726
38 40 0.105249 0.000518 -0.002409
38 41 0.019575 0.013678 0.012264
38 42 -0.038538 0.001706 -0.001174
38 43 0.080363 -0.010266 -0.012298
38 44 -0.022395 -0.003094 -0.005485
38 45 -0.188029 -0.001694 -0.002350
38 46 0.035457 0.001728 -0.000431
38 47 0.044699 0.006860 0.006514
38 48 0.023065 -0.000853 -0.002207
38 49 0.015427 -0.002805 -0.003884
38 50 0.032425 -0.001315 -0.003021
38 51 0.019355 0.002090 0.001198
38 52 0.037993 0.004665 0.003213
39 40 0.038994 0.033062 0.024028
39 41 0.049323 -0.004403 -0.008768
39 42 0.054704 0.004685 -0.004206
39 43 -0.058829 0.096067 0.089795
39 44 0.075474 0.016561 0.009179
39 45 -0.206813 0.006777 0.004752
39 46 0.017758 0.020118 0.013453
39 47 0.018261 -0.008348 -0.009414
39 48 -0.052964 0.025836 0.021655
39 49 0.001839 0.000287 -0.003044
39 50 0.013360 -0.002171 -0.007435
39 51 0.019071 -0.002554 -0.005309
39 52 -0.009535 -0.003134 -0.007615
40 41 0.102777 0.008931 0.002508
40 42 -0.040611 0.019658 0.006572
40 43 0.072380 0.059450 0.050219
40 44 -0.086529 0.003022 -0.007842
40 45 -0.085655 -0.002549 -0.005529
40 46 0.013090 0.037984 0.028175
40 47 0.003115 0.015544 0.013975
40 48 0.056936 0.001501 -0.004652
40 49 0.075993 -0.003813 -0.008715
40 50 0.023012 -0.001358 -0.009106
40 51 0.006141 0.000694 -0.003361
40 52 0.026446 -0.001389 -0.007983
41 42 0.088105 0.001549 -0.004772
41 43 0.188752 -0.001210 -0.005669
41 44 0.180268 0.000134 -0.005114
41 45 -0.509095 0.004052 0.002613
41 46 -0.013210 -0.001533 -0.006271
41 47 0.125807 0.000229 -0.000529
41 48 -0.275377 0.018638 0.015665
41 49 -0.370877 -0.008229 -0.010597
41 50 0.114241 0.003840 0.000097
41 51 -0.040071 0.002067 0.000108
41 52 0.054914 -0.000170 -0.003356
42 43 -0.160694 -0.002864 -0.011947
42 44 0.142421 0.094381 0.083690
42 45 -0.276610 0.005398 0.002465
42 46 0.036312 -0.007484 -0.017137
42 47 0.033049 -0.016037 -0.017581
42 48 -0.027729 -0.001759 -0.007815
42 49 0.005305 0.009790 0.004966
42 50 0.023326 0.016339 0.008714
42 51 -0.001710 0.001903 -0.002087
42 52 -0.023650 -0.000723 -0.007212
43 44 -0.155391 -0.003915 -0.011457
43 45 -0.129537 0.007168 0.005099
43 46 -0.021536 0.034328 0.027519
43 47 0.011717 -0.019195 -0.020284
43 48 0.040089 -0.003027 -0.007299
43 49 0.113325 0.007006 0.003603
43 50 0.003466 -0.015989 -0.021368
43 51 0.045061 0.000677 -0.002138
43 52 0.025930 0.004068 -0.000510
44 45 -0.276568 0.001772 -0.000662
44 46 0.055284 -0.017333 -0.025347
44 47 0.026127 -0.004544 -0.005827
44 48 0.009498 -0.000629 -0.005656
44 49 0.035662 0.003560 -0.000445
44 50 -0.022898 0.008492 0.002161
44 51 -0.003798 0.001121 -0.002192
44 52 -0.047061 0.000167 -0.005221
45 46 -0.248469 0.006789 0.004591
45 47 -0.130934 -0.002007 -0.002359
45 48 -0.353860 0.005782 0.004403
45 49 -0.405150 0.019974 0.018876
45 50 -0.068756 0.002690 0.000954
45 51 -0.210033 0.004125 0.003217
45 52 -0.016284 0.001354 -0.000124
46 47 0.023016 -0.006085 -0.007242
46 48 -0.021889 0.004145 -0.000394
46 49 -0.063793 0.000851 -0.002765
46 50 0.037586 0.007300 0.001584
46 51 -0.000039 0.010050 0.007058
46 52 0.018378 0.005309 0.000444
47 48 0.021064 0.019326 0.018600
47 49 0.085422 -0.006213 -0.006792
47 50 0.012761 0.006502 0.005587
47 51 0.026919 -0.000514 -0.000992
47 52 -0.008275 0.009907 0.009129
48 49 -0.196121 -0.013293 -0.015562
48 50 0.033922 0.002543 -0.001042
48 51 -0.025913 0.002812 0.000936
48 52 0.019051 0.009092 0.006041
49 50 0.129624 0.004937 0.002080
49 51 -0.010715 0.002714 0.001219
49 52 0.068615 0.000606 -0.001825
50 51 0.048214 0.011804 0.009441
50 52 -0.003608 0.013559 0.009716
51 52 0.027181 0.010193 0.008182
